name: article_try
channels:
  - tensorflow
  - defaults
dependencies:
  - _tflow_190_select=0.0.2=eigen
  - absl-py=0.6.1=py36_0
  - astor=0.7.1=py36_0
  - blas=1.0=mkl
  - bleach=1.5.0=py36_0
  - certifi=2018.10.15=py36_0
  - gast=0.2.0=py36_0
  - grpcio=1.12.1=py36h1a1b453_0
  - html5lib=0.9999999=py36_0
  - icc_rt=2017.0.4=h97af966_0
  - intel-openmp=2019.0=118
  - libprotobuf=3.6.1=h7bd577a_0
  - markdown=3.0.1=py36_0
  - mkl=2019.0=118
  - mkl_fft=1.0.6=py36hdbbee80_0
  - mkl_random=1.0.1=py36h77b88f5_1
  - numpy=1.15.3=py36ha559c80_0
  - numpy-base=1.15.3=py36h8128ebf_0
  - pip=18.1=py36_0
  - protobuf=3.6.1=py36h33f27b4_0
  - python=3.6.7=h33f27b4_1
  - setuptools=40.5.0=py36_0
  - six=1.11.0=py36_1
  - tensorboard=1.8.0=py36he025d50_0
  - tensorflow=1.8.0=0
  - tensorflow-base=1.8.0=py36h1a1b453_0
  - termcolor=1.1.0=py36_1
  - vc=14.1=h0510ff6_4
  - vs2015_runtime=14.15.26706=h3a45250_0
  - werkzeug=0.14.1=py36_0
  - wheel=0.32.2=py36_0
  - wincertstore=0.2=py36h7fe50ca_0
  - zlib=1.2.11=h8395fce_2
prefix: C:\Users\Ciprian\Anaconda3\envs\article_try

